# velocity_km_s T_mb_K
-7.991532811895 0.0000000000e+00
-7.969517569989 0.0000000000e+00
-7.947502328083 0.0000000000e+00
-7.925487086177 0.0000000000e+00
-7.903471844271 0.0000000000e+00
-7.881456602365 0.0000000000e+00
-7.859441360459 -8.4112183885e-10
-7.837426118553 4.8642760930e-08
-7.815410876647 1.6339325271e-07
-7.793395634741 4.5602260457e-07
-7.771380392835 1.1855672710e-06
-7.749365150928 2.7761147976e-06
-7.727349909022 6.2630106186e-06
-7.705334667116 1.3079259588e-05
-7.683319425210 2.5764120437e-05
-7.661304183304 4.7802714107e-05
-7.639288941398 8.3872037067e-05
-7.617273699492 1.3941111683e-04
-7.595258457586 2.2028546664e-04
-7.573243215680 3.3290445572e-04
-7.551227973774 4.8346043332e-04
-7.529212731868 6.7969516385e-04
-7.507197489962 9.3186780578e-04
-7.485182248056 1.2559745228e-03
-7.463167006150 1.6767025227e-03
-7.441151764244 2.2321906872e-03
-7.419136522338 2.9790899716e-03
-7.397121280432 4.0019899607e-03
-7.375106038526 5.4260580800e-03
-7.353090796620 7.4351411313e-03
-7.331075554714 1.0306270793e-02
-7.309060312808 1.4457432553e-02
-7.287045070902 2.0522214472e-02
-7.265029828995 2.9526654631e-02
-7.243014587089 4.2920656502e-02
-7.220999345183 6.3161440194e-02
-7.198984103277 9.3810461462e-02
-7.176968861371 1.3998527825e-01
-7.154953619465 2.0859251916e-01
-7.132938377559 3.0747017264e-01
-7.110923135653 4.4229656458e-01
-7.088907893747 6.1051994562e-01
-7.066892651841 7.9465538263e-01
-7.044877409935 9.6311366558e-01
-7.022862168029 1.0838412046e+00
-7.000846926123 1.1409045458e+00
-6.978831684217 1.1381825209e+00
-6.956816442311 1.0897243023e+00
-6.934801200405 1.0108833313e+00
-6.912785958499 9.1614109278e-01
-6.890770716593 8.1831938028e-01
-6.868755474687 7.2634691000e-01
-6.846740232781 6.4440029860e-01
-6.824724990875 5.7342362404e-01
-6.802709748968 5.1285195351e-01
-6.780694507062 4.6156191826e-01
-6.758679265156 4.1792210937e-01
-6.736664023250 3.7919569016e-01
-6.714648781344 3.4092643857e-01
-6.692633539438 2.9810103774e-01
-6.670618297532 2.4899508059e-01
-6.648603055626 1.9734333456e-01
-6.626587813720 1.4933122694e-01
-6.604572571814 1.0927236080e-01
-6.582557329908 7.8446693718e-02
-6.560542088002 5.5649280548e-02
-6.538526846096 3.9338435978e-02
-6.516511604190 2.7961662039e-02
-6.494496362284 2.0015243441e-02
-6.472481120378 1.4393586665e-02
-6.450465878472 1.0418983176e-02
-6.428450636566 7.5994990766e-03
-6.406435394660 5.5878995918e-03
-6.384420152754 4.1470080614e-03
-6.362404910848 3.1054904684e-03
-6.340389668941 2.3427177221e-03
-6.318374427035 1.7771173734e-03
-6.296359185129 1.3494095765e-03
-6.274343943223 1.0192113696e-03
-6.252328701317 7.5944780838e-04
-6.230313459411 5.5401446298e-04
-6.208298217505 3.9232874406e-04
-6.186282975599 2.6725491625e-04
-6.164267733693 1.7414822651e-04
-6.142252491787 1.0794591799e-04
-6.120237249881 6.3436811615e-05
-6.098222007975 3.5188273614e-05
-6.076206766069 1.8444583475e-05
-6.054191524163 9.0990570243e-06
-6.032176282257 4.1906023398e-06
-6.010161040351 1.8529580075e-06
-5.988145798445 7.2693148923e-07
-5.966130556539 2.6379152018e-07
-5.944115314633 8.3609926094e-08
-5.922100072727 0.0000000000e+00
-5.900084830821 0.0000000000e+00
-5.878069588915 0.0000000000e+00
-5.856054347008 0.0000000000e+00
-5.834039105102 0.0000000000e+00
-5.812023863196 0.0000000000e+00
-5.790008621290 0.0000000000e+00
-5.767993379384 0.0000000000e+00
-5.745978137478 0.0000000000e+00
-5.723962895572 0.0000000000e+00
-5.701947653666 0.0000000000e+00
-5.679932411760 0.0000000000e+00
-5.657917169854 0.0000000000e+00
-5.635901927948 0.0000000000e+00
-5.613886686042 0.0000000000e+00
-5.591871444136 0.0000000000e+00
-5.569856202230 0.0000000000e+00
-5.547840960324 0.0000000000e+00
-5.525825718418 0.0000000000e+00
-5.503810476512 0.0000000000e+00
-5.481795234606 0.0000000000e+00
-5.459779992700 0.0000000000e+00
-5.437764750794 0.0000000000e+00
-5.415749508888 0.0000000000e+00
-5.393734266981 0.0000000000e+00
-5.371719025075 0.0000000000e+00
-5.349703783169 0.0000000000e+00
-5.327688541263 0.0000000000e+00
-5.305673299357 0.0000000000e+00
-5.283658057451 0.0000000000e+00
-5.261642815545 0.0000000000e+00
-5.239627573639 0.0000000000e+00
-5.217612331733 0.0000000000e+00
-5.195597089827 0.0000000000e+00
-5.173581847921 0.0000000000e+00
-5.151566606015 0.0000000000e+00
-5.129551364109 0.0000000000e+00
-5.107536122203 0.0000000000e+00
-5.085520880297 0.0000000000e+00
-5.063505638391 0.0000000000e+00
-5.041490396485 0.0000000000e+00
-5.019475154579 0.0000000000e+00
-4.997459912673 0.0000000000e+00
-4.975444670767 0.0000000000e+00
-4.953429428861 0.0000000000e+00
-4.931414186954 0.0000000000e+00
-4.909398945048 0.0000000000e+00
-4.887383703142 0.0000000000e+00
-4.865368461236 0.0000000000e+00
-4.843353219330 0.0000000000e+00
-4.821337977424 0.0000000000e+00
-4.799322735518 0.0000000000e+00
-4.777307493612 0.0000000000e+00
-4.755292251706 0.0000000000e+00
-4.733277009800 0.0000000000e+00
-4.711261767894 0.0000000000e+00
-4.689246525988 0.0000000000e+00
-4.667231284082 0.0000000000e+00
-4.645216042176 0.0000000000e+00
-4.623200800270 0.0000000000e+00
-4.601185558364 0.0000000000e+00
-4.579170316458 0.0000000000e+00
-4.557155074552 0.0000000000e+00
-4.535139832646 0.0000000000e+00
-4.513124590740 0.0000000000e+00
-4.491109348834 0.0000000000e+00
-4.469094106928 0.0000000000e+00
-4.447078865021 0.0000000000e+00
-4.425063623115 0.0000000000e+00
-4.403048381209 0.0000000000e+00
-4.381033139303 0.0000000000e+00
-4.359017897397 0.0000000000e+00
-4.337002655491 0.0000000000e+00
-4.314987413585 0.0000000000e+00
-4.292972171679 0.0000000000e+00
-4.270956929773 0.0000000000e+00
-4.248941687867 0.0000000000e+00
-4.226926445961 0.0000000000e+00
-4.204911204055 0.0000000000e+00
-4.182895962149 0.0000000000e+00
-4.160880720243 0.0000000000e+00
-4.138865478337 0.0000000000e+00
-4.116850236431 0.0000000000e+00
-4.094834994525 0.0000000000e+00
-4.072819752619 0.0000000000e+00
-4.050804510713 0.0000000000e+00
-4.028789268807 0.0000000000e+00
-4.006774026901 0.0000000000e+00
-3.984758784994 0.0000000000e+00
-3.962743543088 0.0000000000e+00
-3.940728301182 0.0000000000e+00
-3.918713059276 0.0000000000e+00
-3.896697817370 0.0000000000e+00
-3.874682575464 0.0000000000e+00
-3.852667333558 0.0000000000e+00
-3.830652091652 0.0000000000e+00
-3.808636849746 0.0000000000e+00
-3.786621607840 0.0000000000e+00
-3.764606365934 0.0000000000e+00
-3.742591124028 0.0000000000e+00
-3.720575882122 0.0000000000e+00
-3.698560640216 0.0000000000e+00
-3.676545398310 0.0000000000e+00
-3.654530156404 0.0000000000e+00
-3.632514914498 0.0000000000e+00
-3.610499672592 0.0000000000e+00
-3.588484430686 0.0000000000e+00
-3.566469188780 0.0000000000e+00
-3.544453946874 0.0000000000e+00
-3.522438704967 0.0000000000e+00
-3.500423463061 0.0000000000e+00
-3.478408221155 0.0000000000e+00
-3.456392979249 0.0000000000e+00
-3.434377737343 0.0000000000e+00
-3.412362495437 0.0000000000e+00
-3.390347253531 0.0000000000e+00
-3.368332011625 0.0000000000e+00
-3.346316769719 0.0000000000e+00
-3.324301527813 0.0000000000e+00
-3.302286285907 0.0000000000e+00
-3.280271044001 0.0000000000e+00
-3.258255802095 0.0000000000e+00
-3.236240560189 0.0000000000e+00
-3.214225318283 0.0000000000e+00
-3.192210076377 0.0000000000e+00
-3.170194834471 0.0000000000e+00
-3.148179592565 0.0000000000e+00
-3.126164350659 0.0000000000e+00
-3.104149108753 0.0000000000e+00
-3.082133866847 0.0000000000e+00
-3.060118624941 0.0000000000e+00
-3.038103383034 0.0000000000e+00
-3.016088141128 0.0000000000e+00
-2.994072899222 0.0000000000e+00
-2.972057657316 0.0000000000e+00
-2.950042415410 0.0000000000e+00
-2.928027173504 0.0000000000e+00
-2.906011931598 0.0000000000e+00
-2.883996689692 0.0000000000e+00
-2.861981447786 0.0000000000e+00
-2.839966205880 0.0000000000e+00
-2.817950963974 0.0000000000e+00
-2.795935722068 0.0000000000e+00
-2.773920480162 0.0000000000e+00
-2.751905238256 0.0000000000e+00
-2.729889996350 0.0000000000e+00
-2.707874754444 0.0000000000e+00
-2.685859512538 0.0000000000e+00
-2.663844270632 0.0000000000e+00
-2.641829028726 0.0000000000e+00
-2.619813786820 0.0000000000e+00
-2.597798544914 0.0000000000e+00
-2.575783303007 0.0000000000e+00
-2.553768061101 0.0000000000e+00
-2.531752819195 0.0000000000e+00
-2.509737577289 0.0000000000e+00
-2.487722335383 0.0000000000e+00
-2.465707093477 0.0000000000e+00
-2.443691851571 0.0000000000e+00
-2.421676609665 0.0000000000e+00
-2.399661367759 0.0000000000e+00
-2.377646125853 0.0000000000e+00
-2.355630883947 0.0000000000e+00
-2.333615642041 0.0000000000e+00
-2.311600400135 0.0000000000e+00
-2.289585158229 0.0000000000e+00
-2.267569916323 0.0000000000e+00
-2.245554674417 0.0000000000e+00
-2.223539432511 0.0000000000e+00
-2.201524190605 0.0000000000e+00
-2.179508948699 0.0000000000e+00
-2.157493706793 0.0000000000e+00
-2.135478464887 0.0000000000e+00
-2.113463222980 0.0000000000e+00
-2.091447981074 0.0000000000e+00
-2.069432739168 0.0000000000e+00
-2.047417497262 0.0000000000e+00
-2.025402255356 0.0000000000e+00
-2.003387013450 0.0000000000e+00
-1.981371771544 0.0000000000e+00
-1.959356529638 0.0000000000e+00
-1.937341287732 0.0000000000e+00
-1.915326045826 0.0000000000e+00
-1.893310803920 0.0000000000e+00
-1.871295562014 0.0000000000e+00
-1.849280320108 0.0000000000e+00
-1.827265078202 0.0000000000e+00
-1.805249836296 0.0000000000e+00
-1.783234594390 0.0000000000e+00
-1.761219352484 0.0000000000e+00
-1.739204110578 0.0000000000e+00
-1.717188868672 0.0000000000e+00
-1.695173626766 0.0000000000e+00
-1.673158384860 0.0000000000e+00
-1.651143142954 0.0000000000e+00
-1.629127901047 0.0000000000e+00
-1.607112659141 0.0000000000e+00
-1.585097417235 0.0000000000e+00
-1.563082175329 0.0000000000e+00
-1.541066933423 0.0000000000e+00
-1.519051691517 0.0000000000e+00
-1.497036449611 0.0000000000e+00
-1.475021207705 0.0000000000e+00
-1.453005965799 0.0000000000e+00
-1.430990723893 0.0000000000e+00
-1.408975481987 0.0000000000e+00
-1.386960240081 0.0000000000e+00
-1.364944998175 0.0000000000e+00
-1.342929756269 0.0000000000e+00
-1.320914514363 0.0000000000e+00
-1.298899272457 0.0000000000e+00
-1.276884030551 0.0000000000e+00
-1.254868788645 0.0000000000e+00
-1.232853546739 0.0000000000e+00
-1.210838304833 0.0000000000e+00
-1.188823062927 0.0000000000e+00
-1.166807821020 0.0000000000e+00
-1.144792579114 0.0000000000e+00
-1.122777337208 0.0000000000e+00
-1.100762095302 0.0000000000e+00
-1.078746853396 0.0000000000e+00
-1.056731611490 0.0000000000e+00
-1.034716369584 0.0000000000e+00
-1.012701127678 0.0000000000e+00
-0.990685885772 0.0000000000e+00
-0.968670643866 0.0000000000e+00
-0.946655401960 0.0000000000e+00
-0.924640160054 0.0000000000e+00
-0.902624918148 0.0000000000e+00
-0.880609676242 0.0000000000e+00
-0.858594434336 0.0000000000e+00
-0.836579192430 0.0000000000e+00
-0.814563950524 1.0169986808e-07
-0.792548708618 3.0252272154e-07
-0.770533466712 1.0520910791e-06
-0.748518224806 2.9667030503e-06
-0.726502982900 7.7027143561e-06
-0.704487740993 1.8479418941e-05
-0.682472499087 4.1425038944e-05
-0.660457257181 8.7044922111e-05
-0.638442015275 1.7196581757e-04
-0.616426773369 3.1988785486e-04
-0.594411531463 5.6198053062e-04
-0.572396289557 9.3425461091e-04
-0.550381047651 1.4768356923e-03
-0.528365805745 2.2339976858e-03
-0.506350563839 3.2599610277e-03
-0.484335321933 4.6294829808e-03
-0.462320080027 6.4527946524e-03
-0.440304838121 8.8992463425e-03
-0.418289596215 1.2215732597e-02
-0.396274354309 1.6759922728e-02
-0.374259112403 2.3032955825e-02
-0.352243870497 3.1755294651e-02
-0.330228628591 4.3951395899e-02
-0.308213386685 6.1053350568e-02
-0.286198144779 8.5115052760e-02
-0.264182902873 1.1903723329e-01
-0.242167660967 1.6689841449e-01
-0.220152419060 2.3479661345e-01
-0.198137177154 3.3019930124e-01
-0.176121935248 4.6457132697e-01
-0.154106693342 6.5096026659e-01
-0.132091451436 9.0235453844e-01
-0.110076209530 1.2266368866e+00
-0.088060967624 1.6140762568e+00
-0.066045725718 2.0215153694e+00
-0.044030483812 2.3740522861e+00
-0.022015241906 2.6022288799e+00
0.000000000000 2.6786823273e+00
0.022015241906 2.6157090664e+00
0.044030483812 2.4412994385e+00
0.066045725718 2.1896674633e+00
0.088060967624 1.9097234011e+00
0.110076209530 1.6464333534e+00
0.132091451436 1.4155851603e+00
0.154106693342 1.2134211063e+00
0.176121935248 1.0357127190e+00
0.198137177154 8.8100290298e-01
0.220152419060 7.4816370010e-01
0.242167660967 6.3524019718e-01
0.264182902873 5.3985112906e-01
0.286198144779 4.5961841941e-01
0.308213386685 3.9243543148e-01
0.330228628591 3.3648687601e-01
0.352243870497 2.9019191861e-01
0.374259112403 2.5216293335e-01
0.396274354309 2.2093671560e-01
0.418289596215 1.9465693831e-01
0.440304838121 1.7125757039e-01
0.462320080027 1.4921106398e-01
0.484335321933 1.2783053517e-01
0.506350563839 1.0729335248e-01
0.528365805745 8.8243067265e-02
0.550381047651 7.1178972721e-02
0.572396289557 5.6350998580e-02
0.594411531463 4.3907754123e-02
0.616426773369 3.3781576902e-02
0.638442015275 2.5759741664e-02
0.660457257181 1.9572611898e-02
0.682472499087 1.4892878011e-02
0.704487740993 1.1394931935e-02
0.726502982900 8.7954662740e-03
0.748518224806 6.8416432478e-03
0.770533466712 5.3367055953e-03
0.792548708618 4.1337851435e-03
0.814563950524 3.1466244254e-03
0.836579192430 2.3241210729e-03
0.858594434336 1.6432655975e-03
0.880609676242 1.1033433257e-03
0.902624918148 6.9899798837e-04
0.924640160054 4.1621612036e-04
0.946655401960 2.3283973860e-04
0.968670643866 1.2222134683e-04
0.990685885772 6.0067512095e-05
1.012701127678 2.7698903068e-05
1.034716369584 1.1913671187e-05
1.056731611490 4.7576263569e-06
1.078746853396 1.6976963479e-06
1.100762095302 4.8972401601e-07
1.122777337208 0.0000000000e+00
1.144792579114 0.0000000000e+00
1.166807821020 0.0000000000e+00
1.188823062927 0.0000000000e+00
1.210838304833 0.0000000000e+00
1.232853546739 0.0000000000e+00
1.254868788645 0.0000000000e+00
1.276884030551 0.0000000000e+00
1.298899272457 0.0000000000e+00
1.320914514363 0.0000000000e+00
1.342929756269 0.0000000000e+00
1.364944998175 0.0000000000e+00
1.386960240081 0.0000000000e+00
1.408975481987 0.0000000000e+00
1.430990723893 0.0000000000e+00
1.453005965799 0.0000000000e+00
1.475021207705 0.0000000000e+00
1.497036449611 0.0000000000e+00
1.519051691517 0.0000000000e+00
1.541066933423 0.0000000000e+00
1.563082175329 0.0000000000e+00
1.585097417235 0.0000000000e+00
1.607112659141 0.0000000000e+00
1.629127901047 0.0000000000e+00
1.651143142954 0.0000000000e+00
1.673158384860 0.0000000000e+00
1.695173626766 0.0000000000e+00
1.717188868672 0.0000000000e+00
1.739204110578 0.0000000000e+00
1.761219352484 0.0000000000e+00
1.783234594390 0.0000000000e+00
1.805249836296 0.0000000000e+00
1.827265078202 0.0000000000e+00
1.849280320108 0.0000000000e+00
1.871295562014 0.0000000000e+00
1.893310803920 0.0000000000e+00
1.915326045826 0.0000000000e+00
1.937341287732 0.0000000000e+00
1.959356529638 0.0000000000e+00
1.981371771544 0.0000000000e+00
2.003387013450 0.0000000000e+00
2.025402255356 0.0000000000e+00
2.047417497262 0.0000000000e+00
2.069432739168 0.0000000000e+00
2.091447981074 0.0000000000e+00
2.113463222980 0.0000000000e+00
2.135478464887 0.0000000000e+00
2.157493706793 0.0000000000e+00
2.179508948699 0.0000000000e+00
2.201524190605 0.0000000000e+00
2.223539432511 0.0000000000e+00
2.245554674417 0.0000000000e+00
2.267569916323 0.0000000000e+00
2.289585158229 0.0000000000e+00
2.311600400135 0.0000000000e+00
2.333615642041 0.0000000000e+00
2.355630883947 0.0000000000e+00
2.377646125853 0.0000000000e+00
2.399661367759 0.0000000000e+00
2.421676609665 0.0000000000e+00
2.443691851571 0.0000000000e+00
2.465707093477 0.0000000000e+00
2.487722335383 0.0000000000e+00
2.509737577289 0.0000000000e+00
2.531752819195 0.0000000000e+00
2.553768061101 0.0000000000e+00
2.575783303007 0.0000000000e+00
2.597798544914 0.0000000000e+00
2.619813786820 0.0000000000e+00
2.641829028726 0.0000000000e+00
2.663844270632 0.0000000000e+00
2.685859512538 0.0000000000e+00
2.707874754444 0.0000000000e+00
2.729889996350 0.0000000000e+00
2.751905238256 0.0000000000e+00
2.773920480162 0.0000000000e+00
2.795935722068 0.0000000000e+00
2.817950963974 0.0000000000e+00
2.839966205880 0.0000000000e+00
2.861981447786 0.0000000000e+00
2.883996689692 0.0000000000e+00
2.906011931598 0.0000000000e+00
2.928027173504 0.0000000000e+00
2.950042415410 0.0000000000e+00
2.972057657316 0.0000000000e+00
2.994072899222 0.0000000000e+00
3.016088141128 0.0000000000e+00
3.038103383034 0.0000000000e+00
3.060118624941 0.0000000000e+00
3.082133866847 0.0000000000e+00
3.104149108753 0.0000000000e+00
3.126164350659 0.0000000000e+00
3.148179592565 0.0000000000e+00
3.170194834471 0.0000000000e+00
3.192210076377 0.0000000000e+00
3.214225318283 0.0000000000e+00
3.236240560189 0.0000000000e+00
3.258255802095 0.0000000000e+00
3.280271044001 0.0000000000e+00
3.302286285907 0.0000000000e+00
3.324301527813 0.0000000000e+00
3.346316769719 0.0000000000e+00
3.368332011625 0.0000000000e+00
3.390347253531 0.0000000000e+00
3.412362495437 0.0000000000e+00
3.434377737343 0.0000000000e+00
3.456392979249 0.0000000000e+00
3.478408221155 0.0000000000e+00
3.500423463061 0.0000000000e+00
3.522438704967 0.0000000000e+00
3.544453946874 0.0000000000e+00
3.566469188780 0.0000000000e+00
3.588484430686 0.0000000000e+00
3.610499672592 0.0000000000e+00
3.632514914498 0.0000000000e+00
3.654530156404 0.0000000000e+00
3.676545398310 0.0000000000e+00
3.698560640216 0.0000000000e+00
3.720575882122 0.0000000000e+00
3.742591124028 0.0000000000e+00
3.764606365934 0.0000000000e+00
3.786621607840 0.0000000000e+00
3.808636849746 0.0000000000e+00
3.830652091652 0.0000000000e+00
3.852667333558 0.0000000000e+00
3.874682575464 0.0000000000e+00
3.896697817370 0.0000000000e+00
3.918713059276 0.0000000000e+00
3.940728301182 0.0000000000e+00
3.962743543088 0.0000000000e+00
3.984758784994 0.0000000000e+00
4.006774026901 5.2838775133e-08
4.028789268807 1.6775133815e-07
4.050804510713 5.7503933704e-07
4.072819752619 1.6408326928e-06
4.094834994525 4.1901548684e-06
4.116850236431 9.9811950349e-06
4.138865478337 2.2255384465e-05
4.160880720243 4.6571523853e-05
4.182895962149 9.1624526249e-05
4.204911204055 1.6974900791e-04
4.226926445961 2.9701244785e-04
4.248941687867 4.9159169430e-04
4.270956929773 7.7307038009e-04
4.292972171679 1.1612464441e-03
4.314987413585 1.6777259298e-03
4.337002655491 2.3497950751e-03
4.359017897397 3.2168214675e-03
4.381033139303 4.3409531936e-03
4.403048381209 5.8161509223e-03
4.425063623115 7.7826422639e-03
4.447078865021 1.0442038067e-02
4.469094106928 1.4088462107e-02
4.491109348834 1.9145280123e-02
4.513124590740 2.6216026396e-02
4.535139832646 3.6180369556e-02
4.557155074552 5.0307609141e-02
4.579170316458 7.0426285267e-02
4.601185558364 9.9340990186e-02
4.623200800270 1.4064794779e-01
4.645216042176 2.0004171133e-01
4.667231284082 2.8459638357e-01
4.689246525988 4.0249875188e-01
4.711261767894 5.6120318174e-01
4.733277009800 7.6187145710e-01
4.755292251706 9.8994719982e-01
4.777307493612 1.2095854282e+00
4.799322735518 1.3759768009e+00
4.821337977424 1.4610750675e+00
4.843353219330 1.4640364647e+00
4.865368461236 1.4003480673e+00
4.887383703142 1.2881429195e+00
4.909398945048 1.1485283375e+00
4.931414186954 1.0057005882e+00
4.953429428861 8.7575495243e-01
4.975444670767 7.6204270124e-01
4.997459912673 6.6225165129e-01
5.019475154579 5.7445132732e-01
5.041490396485 4.9777582288e-01
5.063505638391 4.3154197931e-01
5.085520880297 3.7488493323e-01
5.107536122203 3.2684838772e-01
5.129551364109 2.8651759028e-01
5.151566606015 2.5306871533e-01
5.173581847921 2.2560945153e-01
5.195597089827 2.0272351801e-01
5.217612331733 1.8202765286e-01
5.239627573639 1.6104319692e-01
5.261642815545 1.3884493709e-01
5.283658057451 1.1631422490e-01
5.305673299357 9.4759039581e-02
5.327688541263 7.5424760580e-02
5.349703783169 5.9061579406e-02
5.371719025075 4.5678623021e-02
5.393734266981 3.4947603941e-02
5.415749508888 2.6546157897e-02
5.437764750794 2.0083656535e-02
5.459779992700 1.5175263397e-02
5.481795234606 1.1494292878e-02
5.503810476512 8.7503669783e-03
5.525825718418 6.7043663003e-03
5.547840960324 5.1728771068e-03
5.569856202230 4.0072519332e-03
5.591871444136 3.0988177750e-03
5.613886686042 2.3701961618e-03
5.635901927948 1.7767343670e-03
5.657917169854 1.2914079707e-03
5.679932411760 9.0025458485e-04
5.701947653666 5.9769517975e-04
5.723962895572 3.7582303048e-04
5.745978137478 2.2296827228e-04
5.767993379384 1.2458601850e-04
5.790008621290 6.5498607000e-05
5.812023863196 3.2253876270e-05
5.834039105102 1.4967183233e-05
5.856054347008 6.4221185312e-06
5.878069588915 2.6000300295e-06
5.900084830821 9.4334637879e-07
5.922100072727 2.7336358244e-07
5.944115314633 0.0000000000e+00
5.966130556539 0.0000000000e+00
5.988145798445 0.0000000000e+00
6.010161040351 0.0000000000e+00
6.032176282257 0.0000000000e+00
6.054191524163 0.0000000000e+00
6.076206766069 0.0000000000e+00
6.098222007975 0.0000000000e+00
6.120237249881 0.0000000000e+00
6.142252491787 0.0000000000e+00
6.164267733693 0.0000000000e+00
6.186282975599 0.0000000000e+00
6.208298217505 0.0000000000e+00
6.230313459411 0.0000000000e+00
6.252328701317 0.0000000000e+00
6.274343943223 0.0000000000e+00
6.296359185129 0.0000000000e+00
6.318374427035 0.0000000000e+00
6.340389668941 0.0000000000e+00
6.362404910848 0.0000000000e+00
6.384420152754 0.0000000000e+00
6.406435394660 0.0000000000e+00
6.428450636566 0.0000000000e+00
6.450465878472 0.0000000000e+00
6.472481120378 0.0000000000e+00
6.494496362284 0.0000000000e+00
6.516511604190 0.0000000000e+00
6.538526846096 0.0000000000e+00
6.560542088002 0.0000000000e+00
6.582557329908 0.0000000000e+00
6.604572571814 0.0000000000e+00
6.626587813720 0.0000000000e+00
6.648603055626 0.0000000000e+00
6.670618297532 0.0000000000e+00
6.692633539438 0.0000000000e+00
6.714648781344 0.0000000000e+00
6.736664023250 0.0000000000e+00
6.758679265156 0.0000000000e+00
6.780694507062 0.0000000000e+00
6.802709748968 0.0000000000e+00
6.824724990875 0.0000000000e+00
6.846740232781 0.0000000000e+00
6.868755474687 0.0000000000e+00
6.890770716593 0.0000000000e+00
6.912785958499 0.0000000000e+00
6.934801200405 0.0000000000e+00
6.956816442311 0.0000000000e+00
6.978831684217 0.0000000000e+00
7.000846926123 0.0000000000e+00
7.022862168029 0.0000000000e+00
7.044877409935 0.0000000000e+00
7.066892651841 0.0000000000e+00
7.088907893747 0.0000000000e+00
7.110923135653 0.0000000000e+00
7.132938377559 0.0000000000e+00
7.154953619465 0.0000000000e+00
7.176968861371 0.0000000000e+00
7.198984103277 0.0000000000e+00
7.220999345183 0.0000000000e+00
7.243014587089 0.0000000000e+00
7.265029828995 0.0000000000e+00
7.287045070902 0.0000000000e+00
7.309060312808 0.0000000000e+00
7.331075554714 0.0000000000e+00
7.353090796620 0.0000000000e+00
7.375106038526 0.0000000000e+00
7.397121280432 0.0000000000e+00
7.419136522338 0.0000000000e+00
7.441151764244 0.0000000000e+00
7.463167006150 0.0000000000e+00
7.485182248056 0.0000000000e+00
7.507197489962 0.0000000000e+00
7.529212731868 0.0000000000e+00
7.551227973774 0.0000000000e+00
7.573243215680 0.0000000000e+00
7.595258457586 0.0000000000e+00
7.617273699492 0.0000000000e+00
7.639288941398 0.0000000000e+00
7.661304183304 0.0000000000e+00
7.683319425210 0.0000000000e+00
7.705334667116 0.0000000000e+00
7.727349909022 0.0000000000e+00
7.749365150928 0.0000000000e+00
7.771380392835 0.0000000000e+00
7.793395634741 0.0000000000e+00
7.815410876647 0.0000000000e+00
7.837426118553 0.0000000000e+00
7.859441360459 0.0000000000e+00
7.881456602365 0.0000000000e+00
7.903471844271 0.0000000000e+00
7.925487086177 0.0000000000e+00
7.947502328083 0.0000000000e+00
7.969517569989 0.0000000000e+00
7.991532811895 0.0000000000e+00
8.013548053801 0.0000000000e+00
8.035563295707 0.0000000000e+00
8.057578537613 0.0000000000e+00
8.079593779519 0.0000000000e+00
8.101609021425 0.0000000000e+00
8.123624263331 0.0000000000e+00
8.145639505237 0.0000000000e+00
8.167654747143 0.0000000000e+00
8.189669989049 0.0000000000e+00
8.211685230955 0.0000000000e+00
8.233700472862 0.0000000000e+00
8.255715714768 0.0000000000e+00
8.277730956674 0.0000000000e+00
8.299746198580 0.0000000000e+00
8.321761440486 0.0000000000e+00
8.343776682392 0.0000000000e+00
8.365791924298 0.0000000000e+00
8.387807166204 0.0000000000e+00
8.409822408110 0.0000000000e+00
8.431837650016 0.0000000000e+00
8.453852891922 0.0000000000e+00
8.475868133828 0.0000000000e+00
8.497883375734 0.0000000000e+00
8.519898617640 0.0000000000e+00
8.541913859546 0.0000000000e+00
8.563929101452 0.0000000000e+00
8.585944343358 0.0000000000e+00
8.607959585264 0.0000000000e+00
8.629974827170 0.0000000000e+00
8.651990069076 0.0000000000e+00
8.674005310982 0.0000000000e+00
8.696020552889 0.0000000000e+00
8.718035794795 0.0000000000e+00
8.740051036701 0.0000000000e+00
8.762066278607 0.0000000000e+00
8.784081520513 0.0000000000e+00
8.806096762419 0.0000000000e+00
8.828112004325 0.0000000000e+00
8.850127246231 0.0000000000e+00
8.872142488137 0.0000000000e+00
8.894157730043 0.0000000000e+00
8.916172971949 0.0000000000e+00
8.938188213855 0.0000000000e+00
8.960203455761 0.0000000000e+00
8.982218697667 0.0000000000e+00
9.004233939573 0.0000000000e+00
9.026249181479 0.0000000000e+00
9.048264423385 0.0000000000e+00
9.070279665291 0.0000000000e+00
9.092294907197 0.0000000000e+00
9.114310149103 0.0000000000e+00
9.136325391009 0.0000000000e+00
9.158340632915 0.0000000000e+00
9.180355874822 0.0000000000e+00
9.202371116728 0.0000000000e+00
9.224386358634 0.0000000000e+00
9.246401600540 0.0000000000e+00
9.268416842446 0.0000000000e+00
9.290432084352 0.0000000000e+00
9.312447326258 0.0000000000e+00
9.334462568164 0.0000000000e+00
9.356477810070 0.0000000000e+00
9.378493051976 0.0000000000e+00
9.400508293882 0.0000000000e+00
9.422523535788 0.0000000000e+00
9.444538777694 0.0000000000e+00
9.466554019600 0.0000000000e+00
9.488569261506 0.0000000000e+00
9.510584503412 0.0000000000e+00
9.532599745318 0.0000000000e+00
9.554614987224 0.0000000000e+00
9.576630229130 0.0000000000e+00
9.598645471036 0.0000000000e+00
9.620660712942 0.0000000000e+00
9.642675954849 0.0000000000e+00
9.664691196755 0.0000000000e+00
9.686706438661 0.0000000000e+00
9.708721680567 0.0000000000e+00
9.730736922473 0.0000000000e+00
9.752752164379 0.0000000000e+00
9.774767406285 0.0000000000e+00
9.796782648191 0.0000000000e+00
9.818797890097 0.0000000000e+00
9.840813132003 0.0000000000e+00
9.862828373909 0.0000000000e+00
9.884843615815 0.0000000000e+00
9.906858857721 0.0000000000e+00
9.928874099627 0.0000000000e+00
9.950889341533 0.0000000000e+00
9.972904583439 0.0000000000e+00
9.994919825345 0.0000000000e+00
10.016935067251 0.0000000000e+00
10.038950309157 0.0000000000e+00
10.060965551063 0.0000000000e+00
10.082980792969 0.0000000000e+00
10.104996034876 0.0000000000e+00
10.127011276782 0.0000000000e+00
10.149026518688 0.0000000000e+00
10.171041760594 0.0000000000e+00
10.193057002500 0.0000000000e+00
10.215072244406 0.0000000000e+00
10.237087486312 0.0000000000e+00
10.259102728218 0.0000000000e+00
10.281117970124 0.0000000000e+00
10.303133212030 0.0000000000e+00
10.325148453936 0.0000000000e+00
10.347163695842 0.0000000000e+00
10.369178937748 0.0000000000e+00
10.391194179654 0.0000000000e+00
10.413209421560 0.0000000000e+00
10.435224663466 0.0000000000e+00
10.457239905372 0.0000000000e+00
10.479255147278 0.0000000000e+00
10.501270389184 0.0000000000e+00
10.523285631090 0.0000000000e+00
10.545300872996 0.0000000000e+00
10.567316114902 0.0000000000e+00
10.589331356809 0.0000000000e+00
10.611346598715 0.0000000000e+00
10.633361840621 0.0000000000e+00
10.655377082527 0.0000000000e+00
10.677392324433 0.0000000000e+00
10.699407566339 0.0000000000e+00
10.721422808245 0.0000000000e+00
10.743438050151 0.0000000000e+00
10.765453292057 0.0000000000e+00
10.787468533963 0.0000000000e+00
10.809483775869 0.0000000000e+00
10.831499017775 0.0000000000e+00
10.853514259681 0.0000000000e+00
10.875529501587 0.0000000000e+00
10.897544743493 0.0000000000e+00
10.919559985399 0.0000000000e+00
10.941575227305 0.0000000000e+00
10.963590469211 0.0000000000e+00
10.985605711117 0.0000000000e+00
11.007620953023 0.0000000000e+00
11.029636194929 0.0000000000e+00
11.051651436836 0.0000000000e+00
11.073666678742 0.0000000000e+00
11.095681920648 0.0000000000e+00
11.117697162554 0.0000000000e+00
11.139712404460 0.0000000000e+00
11.161727646366 0.0000000000e+00
11.183742888272 0.0000000000e+00
11.205758130178 0.0000000000e+00
11.227773372084 0.0000000000e+00
11.249788613990 0.0000000000e+00
11.271803855896 0.0000000000e+00
11.293819097802 0.0000000000e+00
11.315834339708 0.0000000000e+00
11.337849581614 0.0000000000e+00
11.359864823520 0.0000000000e+00
11.381880065426 0.0000000000e+00
11.403895307332 0.0000000000e+00
11.425910549238 0.0000000000e+00
11.447925791144 0.0000000000e+00
11.469941033050 0.0000000000e+00
11.491956274956 0.0000000000e+00
11.513971516863 0.0000000000e+00
11.535986758769 0.0000000000e+00
11.558002000675 0.0000000000e+00
11.580017242581 0.0000000000e+00
11.602032484487 0.0000000000e+00
11.624047726393 0.0000000000e+00
11.646062968299 0.0000000000e+00
11.668078210205 0.0000000000e+00
11.690093452111 0.0000000000e+00
11.712108694017 0.0000000000e+00
11.734123935923 0.0000000000e+00
11.756139177829 0.0000000000e+00
11.778154419735 0.0000000000e+00
11.800169661641 0.0000000000e+00
11.822184903547 0.0000000000e+00
11.844200145453 0.0000000000e+00
11.866215387359 0.0000000000e+00
11.888230629265 0.0000000000e+00
11.910245871171 0.0000000000e+00
11.932261113077 0.0000000000e+00
11.954276354983 0.0000000000e+00
11.976291596889 0.0000000000e+00
11.998306838796 0.0000000000e+00
12.020322080702 0.0000000000e+00
12.042337322608 0.0000000000e+00
12.064352564514 0.0000000000e+00
12.086367806420 0.0000000000e+00
12.108383048326 0.0000000000e+00
12.130398290232 0.0000000000e+00
12.152413532138 0.0000000000e+00
12.174428774044 0.0000000000e+00
12.196444015950 0.0000000000e+00
12.218459257856 0.0000000000e+00
12.240474499762 0.0000000000e+00
12.262489741668 0.0000000000e+00
12.284504983574 0.0000000000e+00
12.306520225480 0.0000000000e+00
12.328535467386 0.0000000000e+00
12.350550709292 0.0000000000e+00
12.372565951198 0.0000000000e+00
12.394581193104 0.0000000000e+00
12.416596435010 0.0000000000e+00
12.438611676916 0.0000000000e+00
12.460626918823 0.0000000000e+00
12.482642160729 0.0000000000e+00
12.504657402635 0.0000000000e+00
12.526672644541 0.0000000000e+00
12.548687886447 0.0000000000e+00
12.570703128353 0.0000000000e+00
12.592718370259 0.0000000000e+00
12.614733612165 0.0000000000e+00
12.636748854071 0.0000000000e+00
12.658764095977 0.0000000000e+00
12.680779337883 0.0000000000e+00
12.702794579789 0.0000000000e+00
12.724809821695 0.0000000000e+00
12.746825063601 0.0000000000e+00
12.768840305507 0.0000000000e+00
12.790855547413 0.0000000000e+00
12.812870789319 0.0000000000e+00
12.834886031225 0.0000000000e+00
12.856901273131 0.0000000000e+00
12.878916515037 0.0000000000e+00
12.900931756943 0.0000000000e+00
12.922946998850 0.0000000000e+00
12.944962240756 0.0000000000e+00
12.966977482662 0.0000000000e+00
12.988992724568 0.0000000000e+00
13.011007966474 0.0000000000e+00
13.033023208380 0.0000000000e+00
13.055038450286 0.0000000000e+00
13.077053692192 0.0000000000e+00
13.099068934098 0.0000000000e+00
13.121084176004 0.0000000000e+00
13.143099417910 0.0000000000e+00
13.165114659816 0.0000000000e+00
13.187129901722 0.0000000000e+00
13.209145143628 0.0000000000e+00
13.231160385534 0.0000000000e+00
13.253175627440 0.0000000000e+00
13.275190869346 0.0000000000e+00
13.297206111252 0.0000000000e+00
13.319221353158 0.0000000000e+00
13.341236595064 0.0000000000e+00
13.363251836970 0.0000000000e+00
13.385267078876 0.0000000000e+00
13.407282320783 0.0000000000e+00
13.429297562689 0.0000000000e+00
13.451312804595 0.0000000000e+00
13.473328046501 0.0000000000e+00
13.495343288407 0.0000000000e+00
13.517358530313 0.0000000000e+00
13.539373772219 0.0000000000e+00
13.561389014125 0.0000000000e+00
13.583404256031 0.0000000000e+00
13.605419497937 0.0000000000e+00
13.627434739843 0.0000000000e+00
13.649449981749 0.0000000000e+00
13.671465223655 0.0000000000e+00
13.693480465561 0.0000000000e+00
13.715495707467 0.0000000000e+00
13.737510949373 0.0000000000e+00
13.759526191279 0.0000000000e+00
13.781541433185 0.0000000000e+00
13.803556675091 0.0000000000e+00
13.825571916997 0.0000000000e+00
13.847587158903 0.0000000000e+00
13.869602400810 0.0000000000e+00
13.891617642716 0.0000000000e+00
13.913632884622 0.0000000000e+00
13.935648126528 0.0000000000e+00
13.957663368434 0.0000000000e+00
13.979678610340 0.0000000000e+00
14.001693852246 0.0000000000e+00
14.023709094152 0.0000000000e+00
14.045724336058 0.0000000000e+00
14.067739577964 0.0000000000e+00
14.089754819870 0.0000000000e+00
14.111770061776 0.0000000000e+00
14.133785303682 0.0000000000e+00
14.155800545588 0.0000000000e+00
14.177815787494 0.0000000000e+00
14.199831029400 0.0000000000e+00
14.221846271306 0.0000000000e+00
14.243861513212 0.0000000000e+00
14.265876755118 0.0000000000e+00
14.287891997024 0.0000000000e+00
14.309907238930 0.0000000000e+00
14.331922480837 0.0000000000e+00
14.353937722743 0.0000000000e+00
14.375952964649 0.0000000000e+00
14.397968206555 0.0000000000e+00
14.419983448461 0.0000000000e+00
14.441998690367 0.0000000000e+00
14.464013932273 0.0000000000e+00
14.486029174179 0.0000000000e+00
14.508044416085 0.0000000000e+00
14.530059657991 0.0000000000e+00
14.552074899897 0.0000000000e+00
14.574090141803 0.0000000000e+00
14.596105383709 0.0000000000e+00
14.618120625615 0.0000000000e+00
14.640135867521 0.0000000000e+00
14.662151109427 0.0000000000e+00
14.684166351333 0.0000000000e+00
14.706181593239 0.0000000000e+00
14.728196835145 0.0000000000e+00
14.750212077051 0.0000000000e+00
14.772227318957 0.0000000000e+00
14.794242560863 0.0000000000e+00
14.816257802770 0.0000000000e+00
14.838273044676 0.0000000000e+00
14.860288286582 0.0000000000e+00
14.882303528488 0.0000000000e+00
14.904318770394 0.0000000000e+00
14.926334012300 0.0000000000e+00
14.948349254206 0.0000000000e+00
14.970364496112 0.0000000000e+00
14.992379738018 0.0000000000e+00
15.014394979924 0.0000000000e+00
15.036410221830 0.0000000000e+00
15.058425463736 0.0000000000e+00
15.080440705642 0.0000000000e+00
15.102455947548 0.0000000000e+00
15.124471189454 0.0000000000e+00
15.146486431360 0.0000000000e+00
15.168501673266 0.0000000000e+00
15.190516915172 0.0000000000e+00
15.212532157078 0.0000000000e+00
15.234547398984 0.0000000000e+00
15.256562640890 0.0000000000e+00
15.278577882797 0.0000000000e+00
15.300593124703 0.0000000000e+00
15.322608366609 0.0000000000e+00
15.344623608515 0.0000000000e+00
15.366638850421 0.0000000000e+00
15.388654092327 0.0000000000e+00
15.410669334233 0.0000000000e+00
15.432684576139 0.0000000000e+00
15.454699818045 0.0000000000e+00
15.476715059951 0.0000000000e+00
15.498730301857 0.0000000000e+00
15.520745543763 0.0000000000e+00
15.542760785669 0.0000000000e+00
15.564776027575 0.0000000000e+00
15.586791269481 0.0000000000e+00
15.608806511387 0.0000000000e+00
15.630821753293 0.0000000000e+00
15.652836995199 0.0000000000e+00
15.674852237105 0.0000000000e+00
15.696867479011 0.0000000000e+00
15.718882720917 0.0000000000e+00
15.740897962824 0.0000000000e+00
15.762913204730 0.0000000000e+00
15.784928446636 0.0000000000e+00
15.806943688542 0.0000000000e+00
15.828958930448 0.0000000000e+00
15.850974172354 0.0000000000e+00
15.872989414260 0.0000000000e+00
15.895004656166 0.0000000000e+00
15.917019898072 0.0000000000e+00
15.939035139978 0.0000000000e+00
15.961050381884 0.0000000000e+00
15.983065623790 0.0000000000e+00
16.005080865696 0.0000000000e+00
16.027096107602 0.0000000000e+00
16.049111349508 0.0000000000e+00
16.071126591414 0.0000000000e+00
16.093141833320 0.0000000000e+00
16.115157075226 0.0000000000e+00
16.137172317132 0.0000000000e+00
16.159187559038 0.0000000000e+00
16.181202800944 0.0000000000e+00
16.203218042850 0.0000000000e+00
16.225233284757 0.0000000000e+00
16.247248526663 0.0000000000e+00
16.269263768569 0.0000000000e+00
16.291279010475 0.0000000000e+00
16.313294252381 0.0000000000e+00
16.335309494287 0.0000000000e+00
16.357324736193 0.0000000000e+00
16.379339978099 0.0000000000e+00
16.401355220005 0.0000000000e+00
16.423370461911 0.0000000000e+00
16.445385703817 0.0000000000e+00
16.467400945723 0.0000000000e+00
16.489416187629 0.0000000000e+00
16.511431429535 0.0000000000e+00
16.533446671441 0.0000000000e+00
16.555461913347 0.0000000000e+00
16.577477155253 0.0000000000e+00
16.599492397159 0.0000000000e+00
16.621507639065 0.0000000000e+00
16.643522880971 0.0000000000e+00
16.665538122877 0.0000000000e+00
16.687553364784 0.0000000000e+00
16.709568606690 0.0000000000e+00
16.731583848596 0.0000000000e+00
16.753599090502 0.0000000000e+00
16.775614332408 0.0000000000e+00
16.797629574314 0.0000000000e+00
16.819644816220 0.0000000000e+00
16.841660058126 0.0000000000e+00
16.863675300032 0.0000000000e+00
16.885690541938 0.0000000000e+00
16.907705783844 0.0000000000e+00
16.929721025750 0.0000000000e+00
16.951736267656 0.0000000000e+00
16.973751509562 0.0000000000e+00
16.995766751468 0.0000000000e+00
17.017781993374 0.0000000000e+00
17.039797235280 0.0000000000e+00
17.061812477186 0.0000000000e+00
17.083827719092 0.0000000000e+00
17.105842960998 0.0000000000e+00
17.127858202904 0.0000000000e+00
17.149873444811 0.0000000000e+00
17.171888686717 0.0000000000e+00
17.193903928623 0.0000000000e+00
17.215919170529 0.0000000000e+00
17.237934412435 0.0000000000e+00
17.259949654341 0.0000000000e+00
17.281964896247 0.0000000000e+00
17.303980138153 0.0000000000e+00
17.325995380059 0.0000000000e+00
17.348010621965 0.0000000000e+00
17.370025863871 0.0000000000e+00
17.392041105777 0.0000000000e+00
17.414056347683 0.0000000000e+00
17.436071589589 0.0000000000e+00
17.458086831495 0.0000000000e+00
17.480102073401 0.0000000000e+00
17.502117315307 0.0000000000e+00
17.524132557213 0.0000000000e+00
17.546147799119 0.0000000000e+00
17.568163041025 0.0000000000e+00
17.590178282931 0.0000000000e+00
17.612193524837 0.0000000000e+00
17.634208766744 0.0000000000e+00
17.656224008650 0.0000000000e+00
17.678239250556 0.0000000000e+00
17.700254492462 0.0000000000e+00
17.722269734368 0.0000000000e+00
17.744284976274 0.0000000000e+00
17.766300218180 0.0000000000e+00
17.788315460086 0.0000000000e+00
17.810330701992 0.0000000000e+00
17.832345943898 0.0000000000e+00
17.854361185804 0.0000000000e+00
17.876376427710 0.0000000000e+00
17.898391669616 0.0000000000e+00
17.920406911522 0.0000000000e+00
17.942422153428 0.0000000000e+00
17.964437395334 0.0000000000e+00
17.986452637240 0.0000000000e+00
